>> stepinfo(H)

ans = 

  struct with fields:

        RiseTime: 1.3933
    SettlingTime: 7.5106
     SettlingMin: 0.9071
     SettlingMax: 1.2052
       Overshoot: 20.5180
      Undershoot: 0
            Peak: 1.2052
        PeakTime: 3.1315

>> [w,z] = damp(H)

w =

         0
    1.0000
    1.1111
    1.1111


z =

   -1.0000
    1.0000
    0.4500
    0.4500