>> a

a =

  100.0050

>> b

b =

   10.0499

>> c

c =

    1.4676

>> d

d =

    1.1495

>> e

e =

    1.1547